function C = constants
C.mu  = 398600.4418;              % km^3/s^2
C.Re  = 6378.1363;                % km
C.J2  = 1.0826269e-3;
C.we  = [0;0;7.292115e-5];        % rad/s
end
